% 3) dimming 0.375 r 0.0962

d = 0.375;
r = 0.0962;%code rate : R = k/n
k = 200;
n = k/r;