% 4) dimming 0.1826 r 0.074

d = 0.1826;
r = 0.074;%code rate : R = k/n
k = 200;
n = k/r;