% 5) dimming 0.0625 r 0.0601

d = 0.0625;
r = 0.0601;%code rate : R = k/n
k = 200;
n = k/r;