% 6) dimming 0.125 r 0.1202

d = 0.125;
r = 0.1202;%code rate : R = k/n
k = 200;
n = k/r;