% 7) dimming 0.25 r 0.2404

d = 0.25;
r = 0.2404;%code rate : R = k/n
k = 200;
n = k/r;